run on lcd monitor with 100 and 10 % white


Ave: R = +468.23 G = +431.53 B = +320.83  cnt = 200 100 % white
SDR = +0.21545 SNR = +2173.24
SDG = +0.21375 SNG = +2018.86
SDB = +0.16314 SNB = +1966.59

Ave: R = +3.65 G = +3.52 B = +3.35  cnt = 200 10 % white
SDR = +0.04017 SNR = +90.92
SDG = +0.03545 SNG = +99.42
SDB = +0.03504 SNB = +95.60

