
Entire results:

 x[0] = 10.981745
 x[1] = 8.554154
 x[2] = 0.668227
 x[3] = 4.230640
 x[4] = 13.651699
 x[5] = 2.142789
 x[6] = 3.716022
 x[7] = 1.217363
 x[8] = 13.656005