Tpll=1/300000;
t_both=5e-9
Vcc=3.3
R1=7700
R2=4700
